300.0 1.9115236211079891 91.24653457471754
311.264 1.9059623882931003 94.85368198091467
322.952 1.851096763319881 99.53802208591193
335.078 1.6809369084911099 108.76868936570642
347.66 1.6521984857221164 110.8118289760483
360.714 1.5936809506526648 114.72078039660249
374.258 1.5878677294524546 116.88247199143657
388.311 1.5790200606976288 117.84327061079922
402.891 1.5830338104298292 119.44686293160399
418.019 1.584329510874669 121.12204422893458
433.715 1.5734097934333489 122.64464960644202
450.0 1.5828897840327925 123.75071477330933
