300.0 2.801089654321275 91.82974006881469
311.264 2.760136920568646 95.94012116978364
322.952 2.7542415593200307 98.72389304265984
335.078 2.742771473253234 101.04308258501874
347.66 2.7034966406225203 103.39752709245212
360.714 2.7080432728378603 106.08840908635072
374.258 2.6744095369512784 108.654527552002
388.311 2.662736571177523 110.80395660232897
402.891 2.6235211921658848 112.81085816855774
418.019 2.599529961435496 114.67156502475686
433.715 2.577406896063015 116.59925751893181
450.0 2.6494263260139808 118.42095823175565
