300.0 1.393414008410028 102.28677524845348
311.264 1.3245951912827278 105.87970917880683
322.952 1.2680483243004617 108.97499496672754
335.078 1.2322325904112874 111.95581309803724
347.66 1.2132019319411618 114.576734847353
360.714 1.1979165820066944 117.13691126899555
374.258 1.1698955622029772 119.45053949253075
388.311 1.1516954484995334 121.84810915420442
402.891 1.1326922697676134 123.89399887733768
418.019 1.103240039217084 125.96697563218925
433.715 1.092184972902838 127.88016327120035
450.0 1.0708014538043076 129.6606536217758
