clust_id,norm_wt
0.0,0.012398077773593735
1.0,0.4308966976306811
2.0,0.21957437681471162
3.0,5.011231104596535e-10
4.0,5.2369480770774926e-08
5.0,0.013726024419334964
6.0,0.054392864909138645
7.0,0.0478233865813191
8.0,0.024376539458611037
9.0,0.0003121464340726534
10.0,0.020909442609385008
11.0,0.011110493329348785
12.0,6.933620291042775e-08
13.0,2.819058763392798e-08
14.0,0.003664210150817186
15.0,0.0020360626029039502
16.0,0.006172217978172981
17.0,0.03629890763690802
18.0,1.8826268794434925e-07
19.0,2.970182449428623e-06
20.0,7.007884410645796e-05
21.0,0.022603177060858223
22.0,6.869384622807939e-07
23.0,2.65033424629759e-05
24.0,7.249731579300063e-05
25.0,4.941248311911057e-06
26.0,1.8479523119713525e-09
27.0,0.0012579817640148822
28.0,0.00021116768801832168
29.0,5.763450325435302e-06
30.0,9.837857088520723e-06
31.0,1.0971556846599331e-10
32.0,4.54265066475502e-05
33.0,1.1978569590706445e-06
34.0,6.76980430483998e-05
35.0,0.0001248495710727938
36.0,0.019676549455103696
37.0,1.2263756771203634e-08
38.0,0.0035578330913195546
39.0,5.849117493596715e-09
40.0,8.498714280282715e-07
41.0,1.4534762093140138e-07
42.0,8.83702182239503e-07
43.0,0.00017414178445739842
44.0,1.525254199869866e-10
45.0,9.373275987539258e-09
46.0,0.0010647956749355626
47.0,3.223828401608132e-07
48.0,0.01641475978710002
49.0,9.794734943253196e-07
50.0,1.4312945678596368e-06
51.0,5.646448109361957e-07
52.0,4.5581850192710937e-10
53.0,5.833808207338366e-07
54.0,7.249970998978518e-05
55.0,2.542065180364978e-07
56.0,1.6505806967491966e-06
57.0,1.5418995694376404e-08
58.0,4.580029177301577e-05
59.0,9.672934984668629e-10
60.0,0.0007958412775022842
61.0,4.5430628916536546e-08
62.0,4.8297640739281756e-11
63.0,4.65923482492829e-07
64.0,3.659819565136306e-08
65.0,2.2867716159455017e-08
66.0,1.260667744081355e-10
67.0,1.0152260882727767e-08
68.0,9.437089803164777e-09
69.0,5.587179418780425e-08
70.0,0.005247740485670596
71.0,0.005585714506480126
72.0,0.002300692677964722
73.0,0.0002740634888885234
74.0,6.093685898362815e-07
75.0,0.00678222011853461
76.0,5.040647767513177e-05
77.0,4.148264916098708e-05
78.0,6.311733685963219e-06
79.0,1.421701886731034e-07
80.0,1.2916210267049037e-06
81.0,1.0326356777020822e-05
82.0,1.8105686607560295e-09
83.0,2.531738599251728e-07
84.0,0.004716973797619055
85.0,0.00014285620921473176
86.0,2.069442483847046e-10
87.0,0.0030665580744476083
88.0,3.0729966080130475e-08
89.0,1.2947497243710038e-08
90.0,5.325221849884393e-10
91.0,7.330696832112268e-07
92.0,3.4483653169069727e-08
93.0,1.3975876612472726e-08
94.0,3.773560051141535e-05
95.0,0.0004963272682020326
96.0,0.0003448011716065489
97.0,1.5341472683468718e-08
98.0,9.067111750813661e-10
99.0,4.437376509086537e-09
100.0,5.4024831330815094e-11
101.0,0.003096540378042597
102.0,1.7058960875841064e-05
103.0,2.5854579463963697e-06
104.0,3.5456875074321026e-07
105.0,0.001819398380719644
106.0,2.0774010752771058e-07
107.0,3.7935618927661907e-07
108.0,9.938347001488287e-05
109.0,2.8099134419969234e-07
110.0,6.23469452445237e-09
111.0,4.0529655123901503e-08
112.0,1.458017718646626e-11
113.0,3.80079149855763e-09
114.0,3.037205907246446e-06
115.0,1.8252017078200794e-08
116.0,3.308583129678722e-08
117.0,2.40398820807598e-10
118.0,6.756517466426556e-09
119.0,1.5636906762153578e-08
120.0,2.8849030446395067e-08
121.0,9.976237490184376e-09
122.0,2.9298362245736343e-08
123.0,3.430195839722081e-08
124.0,1.184954586917696e-08
125.0,1.4749150396342812e-06
126.0,5.251938018730889e-09
127.0,1.3191193383761566e-06
128.0,1.980354945960671e-06
129.0,5.691193305505987e-07
130.0,9.675134378893001e-08
131.0,1.3110956619544542e-07
132.0,4.940673105264073e-08
133.0,1.6088664114619186e-06
134.0,2.9060255832184725e-07
135.0,1.0649552539046552e-08
136.0,2.480673316383522e-09
137.0,0.0001910272675598198
138.0,5.778755446092488e-08
139.0,2.0511456722018963e-09
140.0,8.676998884042509e-10
141.0,1.2423952633058178e-10
142.0,1.5547266700987602e-07
143.0,1.6061401182842296e-09
144.0,1.3269187163087292e-11
145.0,0.00194513486801936
146.0,8.795120440742944e-09
147.0,3.529438187820193e-05
148.0,1.5302833900010074e-07
149.0,5.855787498491907e-13
150.0,1.3816797052395934e-06
151.0,0.0003291395314522648
152.0,1.3290581462694664e-10
153.0,1.6117984653906944e-08
154.0,7.659871859516418e-10
155.0,8.66176805846511e-09
156.0,1.275446379924793e-09
157.0,6.163974749905328e-08
158.0,7.234937460201443e-08
159.0,5.0797553293686586e-12
160.0,1.1190378087095002e-07
161.0,1.4885171150124562e-08
162.0,1.217328689040267e-08
163.0,4.736173135567345e-05
164.0,5.162016587548797e-07
165.0,4.508309604338849e-08
166.0,6.943577413277222e-09
167.0,4.6841800698604225e-07
168.0,3.878247856530805e-10
169.0,6.7617048145593174e-09
170.0,8.56712681597081e-09
171.0,1.668493222781199e-08
172.0,7.441836179726651e-05
173.0,0.00011078953247414575
174.0,0.0027266311512476873
175.0,2.207403897158915e-05
176.0,6.578870561622062e-07
177.0,1.6184042802717484e-06
178.0,2.778591269540205e-07
179.0,9.33658304419382e-08
180.0,0.0019488210947265637
181.0,2.8415510265331824e-05
182.0,1.2751282572067567e-08
183.0,4.4245492073337717e-07
184.0,2.23615920450007e-09
185.0,4.1892240872735883e-08
186.0,2.0991732856863773e-05
187.0,2.297095549130535e-07
188.0,7.787645708236926e-08
189.0,2.2005111199092597e-07
190.0,3.3752550931842355e-07
191.0,6.179989152289146e-07
192.0,5.981000103617567e-06
193.0,0.0011849907905965404
194.0,1.6078933740177845e-06
195.0,1.8648040438107728e-06
196.0,3.005879979044976e-07
197.0,5.938044094493797e-07
198.0,5.4074877970493354e-06
199.0,5.3013565826711205e-05
200.0,1.556021264124731e-07
201.0,1.1479725668434169e-08
202.0,5.475712213473671e-08
203.0,1.9864777093121786e-05
204.0,4.408690343477457e-16
205.0,2.6224160259029167e-13
206.0,0.0016711818070211247
207.0,1.09277832897247e-10
208.0,9.422810852137103e-10
209.0,1.052724226940555e-13
210.0,5.81841797965013e-09
211.0,6.423823004203006e-11
212.0,2.695928087791385e-12
213.0,4.252025409450181e-12
214.0,2.206100849947321e-06
215.0,1.3457483820128645e-09
216.0,8.533139227367546e-12
217.0,2.0776084938505402e-12
218.0,1.2098105373454322e-09
219.0,5.622141040862932e-10
220.0,3.3840722213541013e-07
221.0,1.006674601656045e-06
222.0,8.132803724294086e-10
223.0,2.2097042477064354e-09
224.0,6.027340465878801e-10
225.0,1.729849167133329e-09
226.0,5.868851079925918e-05
227.0,5.418444586638386e-09
228.0,2.4958288066680455e-08
229.0,2.5465734162933417e-05
230.0,2.755562192889705e-07
231.0,3.195236760720586e-12
232.0,2.070668874912192e-12
233.0,2.174810835074519e-12
234.0,3.306269442846947e-10
235.0,1.329246147242621e-07
236.0,7.190040861800848e-10
237.0,6.222866229805842e-10
238.0,1.26325894364942e-10
239.0,4.57852516795078e-09
240.0,4.3182074658987606e-09
241.0,7.629563166349688e-09
242.0,3.0400356854141393e-10
243.0,2.0253700082801953e-06
244.0,3.173253514017916e-09
245.0,2.9285637513235485e-06
246.0,2.5246628121124974e-09
247.0,2.4002307274801897e-08
248.0,2.9710093069580083e-08
249.0,8.903286094846316e-09
250.0,3.524745393515167e-09
251.0,3.0848103124701774e-08
252.0,1.5877597894371654e-11
253.0,3.2371767984543497e-09
254.0,9.75688229272043e-09
255.0,3.877083365841038e-08
256.0,1.7869182646688656e-09
257.0,0.0009927942052354501
258.0,9.947484406864986e-09
259.0,8.83408770805829e-07
260.0,1.959660387196268e-06
261.0,3.850112822131813e-10
262.0,7.742961912371602e-06
263.0,7.026007135212077e-07
264.0,8.27492514420863e-08
265.0,1.2928451014432667e-08
266.0,7.54262812579352e-09
267.0,7.846814171649015e-10
268.0,0.000947740838753358
269.0,5.083788591723074e-08
270.0,8.23496543871464e-09
271.0,4.011499699863452e-08
272.0,1.6879034914351304e-07
273.0,0.0026669851753337312
274.0,3.502559837808076e-08
275.0,1.8065533352430163e-07
276.0,5.73497295546549e-09
277.0,3.8985009511402424e-09
278.0,3.214875561790141e-07
279.0,2.6512446768220747e-07
280.0,7.032345871360181e-09
281.0,6.389714784555868e-09
282.0,5.112961091626772e-09
283.0,1.5253430085374597e-08
284.0,4.0444406660225914e-05
285.0,1.532632606904697e-07
286.0,3.7710061647934724e-07
287.0,2.5111193320585616e-08
288.0,6.78606509178674e-08
289.0,1.4580604987346394e-06
290.0,3.35770798200306e-08
291.0,2.487572918948172e-09
292.0,3.047757621532718e-07
293.0,1.745054513068077e-07
294.0,6.617636473888935e-08
295.0,2.6338861256458647e-08
296.0,8.956649103860771e-07
297.0,5.071633816438967e-07
298.0,5.726561090632927e-08
299.0,1.8063048197961054e-07
300.0,1.7015478073348453e-07
301.0,5.907805275951082e-07
302.0,0.00017347104549664784
303.0,8.68756066222996e-07
304.0,2.4967252470620968e-05
305.0,1.6595823770566213e-06
306.0,4.102259615995935e-05
307.0,7.944678987222967e-07
308.0,1.3089767924680855e-07
309.0,0.0004004988854960365
310.0,5.578228044509991e-07
311.0,4.971652032653033e-08
312.0,4.53941587157384e-08
313.0,5.782780042289614e-09
314.0,2.880226703318916e-08
315.0,2.031873447089471e-10
316.0,8.476964392145163e-07
317.0,5.545463218282414e-10
318.0,3.6958641845006894e-09
319.0,1.1152923880284203e-07
320.0,6.172311791946686e-07
321.0,5.242131904026367e-07
322.0,7.876360016899553e-08
323.0,3.273765816482902e-07
324.0,1.2850957404439687e-08
325.0,1.1966097406046708e-07
326.0,3.6048229486421116e-09
